timestep; mreward;breward
60000;-20.3787878788;-inf
70000;-20.4615384615;-inf
80000;-20.4382022472;-inf
90000;-20.45;-20.45
100000;-20.45;-20.43
110000;-20.47;-20.43
120000;-20.33;-20.33
130000;-20.09;-20.09
140000;-19.91;-19.91
150000;-19.68;-19.68
160000;-19.47;-19.47
170000;-19.04;-19.04
180000;-18.8;-18.8
190000;-18.46;-18.46
200000;-18.11;-18.11
210000;-17.79;-17.79
220000;-17.59;-17.59
230000;-17.19;-17.19
240000;-16.84;-16.84
250000;-16.52;-16.52
260000;-16.09;-16.09
270000;-15.86;-15.86
280000;-15.51;-15.51
290000;-15.14;-15.14
300000;-14.88;-14.88
310000;-14.83;-14.83
320000;-14.57;-14.57
330000;-14.41;-14.41
340000;-14.08;-14.08
350000;-13.85;-13.85
360000;-13.61;-13.61
370000;-13.53;-13.53
380000;-13.31;-13.31
390000;-12.93;-12.92
400000;-12.8;-12.79
410000;-12.34;-12.34
420000;-12.36;-12.34
430000;-12.23;-12.23
440000;-12.02;-12.02
450000;-11.92;-11.92
460000;-11.66;-11.66
470000;-11.58;-11.51
480000;-11.38;-11.38
490000;-11.19;-11.15
500000;-11.12;-11.12
510000;-11.16;-11.05
520000;-10.86;-10.86
530000;-10.49;-10.49
540000;-10.27;-10.22
550000;-10.14;-10.14
560000;-10.13;-10.13
570000;-9.82;-9.82
580000;-9.59;-9.59
590000;-9.17;-9.17
600000;-8.83;-8.83
610000;-8.69;-8.69
620000;-8.37;-8.37
630000;-7.94;-7.94
640000;-7.58;-7.58
650000;-7.04;-7.04
660000;-7.04;-7.03
670000;-6.19;-6.19
680000;-5.66;-5.66
690000;-5.39;-5.39
700000;-4.61;-4.61
710000;-3.75;-3.75
720000;-3.19;-3.19
730000;-1.99;-1.99
740000;-1.37;-1.37
750000;-1.21;-1.21
760000;-0.11;-0.11
770000;0.86;0.86
780000;2.09;2.09
790000;3.31;3.31
800000;4.27;4.27
810000;5.33;5.33
820000;5.81;5.81
830000;6.65;6.65
840000;8.09;8.09
850000;8.7;8.7
860000;9.64;9.64
870000;11.18;11.18
880000;11.91;11.91
890000;12.38;12.38
900000;13.37;13.37
910000;13.97;13.97
920000;14.68;14.68
930000;14.9;14.9
940000;15.03;15.05
950000;15.35;15.39
960000;15.69;15.69
970000;16.1;16.1
980000;16.47;16.47
990000;16.62;16.62
1000000;16.46;16.62
1010000;16.58;16.62
1020000;16.66;16.66
1030000;17.0;17.0
1040000;17.23;17.24
1050000;17.34;17.34
1060000;17.35;17.39
1070000;17.42;17.42
1080000;17.47;17.48
1090000;17.98;18.0
1100000;17.96;18.0
1110000;18.03;18.04
1120000;18.02;18.04
1130000;18.06;18.1
1140000;18.22;18.23
1150000;18.37;18.37
1160000;18.45;18.45
1170000;18.52;18.58
1180000;18.53;18.58
1190000;18.74;18.74
1200000;18.68;18.76
1210000;18.74;18.79
1220000;18.73;18.79
1230000;18.77;18.79
1240000;18.78;18.8
1250000;18.82;18.83
1260000;18.75;18.83
1270000;18.73;18.83
1280000;18.71;18.83
1290000;18.74;18.83
1300000;18.81;18.83
1310000;18.91;18.91
1320000;19.02;19.03
1330000;19.04;19.04
1340000;19.08;19.11
1350000;19.16;19.16
1360000;19.22;19.22
1370000;19.25;19.25
1380000;19.23;19.27
1390000;19.41;19.41
1400000;19.49;19.49
1410000;19.54;19.54
1420000;19.45;19.54
1430000;19.44;19.54
1440000;19.51;19.54
1450000;19.51;19.54
1460000;19.54;19.55
1470000;19.57;19.61
1480000;19.5;19.61
1490000;19.45;19.61
1500000;19.43;19.61
1510000;19.5;19.61
1520000;19.42;19.61
1530000;19.44;19.61
1540000;19.5;19.61
1550000;19.46;19.61
1560000;19.46;19.61
1570000;19.45;19.61
1580000;19.4;19.61
1590000;19.41;19.61
1600000;19.43;19.61
1610000;19.52;19.61
1620000;19.52;19.61
1630000;19.62;19.62
1640000;19.24;19.62
1650000;19.15;19.62
1660000;19.16;19.62
1670000;19.25;19.62
1680000;19.21;19.62
1690000;19.17;19.62
1700000;19.23;19.62
1710000;19.23;19.62
1720000;19.16;19.62
1730000;19.21;19.62
1740000;19.23;19.62
1750000;19.27;19.62
1760000;19.3;19.62
1770000;19.24;19.62
1780000;19.21;19.62
1790000;19.16;19.62
1800000;19.15;19.62
1810000;19.09;19.62
1820000;19.43;19.62
1830000;19.51;19.62
1840000;19.54;19.62
1850000;19.55;19.62
1860000;19.55;19.62
1870000;19.55;19.62
1880000;19.61;19.62
1890000;19.62;19.63
1900000;19.67;19.68
1910000;19.69;19.71
1920000;19.69;19.72
1930000;19.64;19.72
1940000;19.65;19.72
1950000;19.69;19.72
1960000;19.72;19.72
1970000;19.8;19.8
1980000;19.87;19.87
1990000;19.88;19.88
2000000;19.85;19.88
2010000;19.94;19.94
2020000;19.95;19.95
2030000;19.98;19.98
2040000;20.03;20.03
2050000;20.03;20.05
2060000;20.01;20.05
2070000;19.99;20.05
2080000;19.97;20.05
2090000;20.01;20.05
2100000;20.09;20.09
2110000;20.12;20.12
2120000;20.11;20.12
2130000;20.09;20.12
2140000;20.13;20.13
2150000;20.13;20.14
2160000;20.03;20.14
2170000;20.04;20.14
2180000;20.07;20.14
2190000;20.06;20.14
2200000;20.02;20.14
2210000;19.95;20.14
2220000;19.91;20.14
2230000;19.92;20.14
2240000;19.91;20.14
2250000;19.88;20.14
2260000;19.9;20.14
2270000;19.89;20.14
2280000;19.93;20.14
2290000;19.98;20.14
2300000;19.97;20.14
2310000;19.94;20.14
2320000;19.88;20.14
2330000;19.8;20.14
2340000;19.82;20.14
2350000;19.83;20.14
2360000;19.8;20.14
2370000;19.74;20.14
2380000;19.75;20.14
2390000;19.8;20.14
2400000;19.84;20.14
2410000;19.76;20.14
2420000;19.75;20.14
2430000;19.75;20.14
2440000;19.74;20.14
2450000;19.75;20.14
2460000;19.7;20.14
2470000;19.67;20.14
2480000;19.76;20.14
2490000;19.77;20.14
2500000;19.87;20.14
2510000;19.92;20.14
2520000;19.94;20.14
2530000;19.9;20.14
2540000;19.91;20.14
2550000;19.94;20.14
2560000;19.94;20.14
2570000;19.94;20.14
2580000;19.96;20.14
2590000;20.02;20.14
2600000;20.08;20.14
2610000;20.07;20.14
2620000;20.05;20.14
2630000;20.04;20.14
2640000;20.05;20.14
2650000;20.0;20.14
2660000;19.98;20.14
2670000;19.96;20.14
2680000;19.97;20.14
2690000;19.98;20.14
2700000;20.01;20.14
2710000;20.06;20.14
2720000;20.03;20.14
2730000;20.05;20.14
2740000;20.05;20.14
2750000;20.05;20.14
2760000;20.08;20.14
2770000;20.12;20.14
2780000;20.13;20.14
2790000;20.16;20.16
2800000;20.16;20.17
2810000;20.2;20.2
2820000;20.22;20.22
2830000;20.22;20.24
2840000;20.24;20.24
2850000;20.23;20.24
2860000;20.23;20.24
2870000;20.2;20.24
2880000;20.21;20.24
2890000;20.27;20.27
2900000;20.35;20.35
2910000;20.35;20.37
2920000;20.37;20.37
2930000;20.39;20.39
2940000;20.4;20.4
2950000;20.42;20.42
2960000;20.42;20.42
2970000;20.39;20.42
2980000;20.36;20.42
2990000;20.37;20.42
3000000;20.41;20.42
3010000;20.44;20.46
3020000;20.47;20.47
3030000;20.47;20.48
3040000;20.52;20.52
3050000;20.51;20.53
3060000;20.55;20.56
3070000;20.55;20.56
3080000;20.58;20.58
3090000;20.61;20.61
3100000;20.55;20.62
3110000;20.55;20.62
3120000;20.54;20.62
3130000;20.56;20.62
3140000;20.55;20.62
3150000;20.58;20.62
3160000;20.58;20.62
3170000;20.59;20.62
3180000;20.63;20.63
3190000;20.63;20.64
3200000;20.65;20.65
3210000;20.64;20.65
3220000;20.62;20.65
3230000;20.6;20.65
3240000;20.59;20.65
3250000;20.56;20.65
3260000;20.55;20.65
3270000;20.59;20.65
3280000;20.59;20.65
3290000;20.55;20.65
3300000;20.5;20.65
3310000;20.49;20.65
3320000;20.54;20.65
3330000;20.52;20.65
3340000;20.46;20.65
3350000;20.45;20.65
3360000;20.42;20.65
3370000;20.42;20.65
3380000;20.42;20.65
3390000;20.44;20.65
3400000;20.45;20.65
3410000;20.44;20.65
3420000;20.46;20.65
3430000;20.43;20.65
3440000;20.42;20.65
3450000;20.38;20.65
3460000;20.39;20.65
3470000;20.44;20.65
3480000;20.45;20.65
3490000;20.46;20.65
3500000;20.5;20.65
3510000;20.55;20.65
3520000;20.5;20.65
3530000;20.5;20.65
3540000;20.5;20.65
3550000;20.51;20.65
3560000;20.5;20.65
3570000;20.48;20.65
3580000;20.42;20.65
3590000;20.44;20.65
3600000;20.45;20.65
3610000;20.47;20.65
3620000;20.49;20.65
3630000;20.5;20.65
3640000;20.47;20.65
3650000;20.45;20.65
3660000;20.45;20.65
3670000;20.42;20.65
3680000;20.37;20.65
3690000;20.39;20.65
3700000;20.37;20.65
3710000;20.33;20.65
3720000;20.33;20.65
3730000;20.36;20.65
3740000;20.38;20.65
3750000;20.41;20.65
3760000;20.4;20.65
3770000;20.42;20.65
3780000;20.44;20.65
3790000;20.37;20.65
3800000;20.39;20.65
3810000;20.41;20.65
3820000;20.45;20.65
3830000;20.42;20.65
3840000;20.43;20.65
3850000;20.47;20.65
3860000;20.45;20.65
3870000;20.48;20.65
3880000;20.52;20.65
3890000;20.51;20.65
3900000;20.5;20.65
3910000;20.51;20.65
3920000;20.53;20.65
3930000;20.52;20.65
3940000;20.5;20.65
3950000;20.45;20.65
3960000;20.48;20.65
3970000;20.52;20.65
3980000;20.53;20.65
3990000;20.5;20.65
4000000;20.52;20.65
4010000;20.53;20.65
4020000;20.52;20.65
4030000;20.55;20.65
4040000;20.57;20.65
4050000;20.58;20.65
4060000;20.57;20.65
4070000;20.57;20.65
4080000;20.56;20.65
4090000;20.54;20.65
4100000;20.56;20.65
4110000;20.57;20.65
4120000;20.62;20.65
4130000;20.63;20.65
4140000;20.62;20.65
4150000;20.62;20.65
4160000;20.61;20.65
4170000;20.57;20.65
4180000;20.43;20.65
4190000;20.44;20.65
4200000;20.43;20.65
4210000;20.42;20.65
4220000;20.39;20.65
4230000;20.43;20.65
4240000;20.42;20.65
4250000;20.41;20.65
4260000;20.4;20.65
4270000;20.41;20.65
4280000;20.41;20.65
4290000;20.41;20.65
4300000;20.42;20.65
4310000;20.41;20.65
4320000;20.39;20.65
4330000;20.4;20.65
4340000;20.41;20.65
4350000;20.55;20.65
4360000;20.55;20.65
4370000;20.51;20.65
4380000;20.46;20.65
4390000;20.47;20.65
4400000;20.43;20.65
4410000;20.47;20.65
4420000;20.48;20.65
4430000;20.5;20.65
4440000;20.5;20.65
4450000;20.49;20.65
4460000;20.49;20.65
4470000;20.49;20.65
4480000;20.51;20.65
4490000;20.44;20.65
4500000;20.43;20.65
4510000;20.46;20.65
4520000;20.46;20.65
4530000;20.45;20.65
4540000;20.46;20.65
4550000;20.49;20.65
4560000;20.49;20.65
4570000;20.52;20.65
4580000;20.51;20.65
4590000;20.47;20.65
4600000;20.45;20.65
4610000;20.39;20.65
4620000;20.39;20.65
4630000;20.38;20.65
4640000;20.38;20.65
4650000;20.36;20.65
4660000;20.44;20.65
4670000;20.45;20.65
4680000;20.45;20.65
4690000;20.42;20.65
4700000;20.45;20.65
4710000;20.49;20.65
4720000;20.52;20.65
4730000;20.53;20.65
4740000;20.51;20.65
4750000;20.51;20.65
4760000;20.52;20.65
4770000;20.56;20.65
4780000;20.57;20.65
4790000;20.6;20.65
4800000;20.59;20.65
4810000;20.61;20.65
4820000;20.6;20.65
4830000;20.59;20.65
4840000;20.58;20.65
4850000;20.59;20.65
4860000;20.6;20.65
4870000;20.62;20.65
4880000;20.62;20.65
4890000;20.63;20.65
4900000;20.64;20.65
4910000;20.65;20.66
4920000;20.66;20.67
4930000;20.67;20.68
4940000;20.66;20.68
4950000;20.7;20.72
4960000;20.66;20.72
4970000;20.69;20.72
4980000;20.66;20.72
4990000;20.66;20.72
5000000;20.68;20.72
5010000;20.71;20.72
5020000;20.66;20.72
5030000;20.68;20.72
5040000;20.67;20.72
5050000;20.67;20.72
5060000;20.67;20.72
5070000;20.63;20.72
5080000;20.62;20.72
5090000;20.58;20.72
5100000;20.57;20.72
5110000;20.54;20.72
5120000;20.52;20.72
5130000;20.54;20.72
5140000;20.53;20.72
5150000;20.53;20.72
5160000;20.53;20.72
5170000;20.52;20.72
5180000;20.52;20.72
5190000;20.56;20.72
5200000;20.55;20.72
5210000;20.52;20.72
5220000;20.52;20.72
5230000;20.5;20.72
5240000;20.52;20.72
5250000;20.54;20.72
5260000;20.56;20.72
5270000;20.56;20.72
5280000;20.6;20.72
5290000;20.63;20.72
5300000;20.65;20.72
5310000;20.64;20.72
5320000;20.65;20.72
5330000;20.64;20.72
5340000;20.68;20.72
5350000;20.66;20.72
5360000;20.69;20.72
5370000;20.67;20.72
5380000;20.69;20.72
5390000;20.7;20.72
5400000;20.7;20.72
5410000;20.72;20.72
5420000;20.7;20.72
5430000;20.71;20.72
5440000;20.72;20.73
5450000;20.72;20.73
5460000;20.69;20.73
5470000;20.68;20.73
5480000;20.65;20.73
5490000;20.64;20.73
5500000;20.66;20.73
5510000;20.64;20.73
5520000;20.65;20.73
5530000;20.63;20.73
5540000;20.58;20.73
5550000;20.59;20.73
5560000;20.58;20.73
5570000;20.57;20.73
5580000;20.56;20.73
5590000;20.58;20.73
5600000;20.59;20.73
5610000;20.6;20.73
5620000;20.58;20.73
5630000;20.58;20.73
5640000;20.62;20.73
5650000;20.62;20.73
5660000;20.63;20.73
5670000;20.62;20.73
5680000;20.62;20.73
5690000;20.65;20.73
5700000;20.66;20.73
5710000;20.69;20.73
5720000;20.69;20.73
5730000;20.68;20.73
5740000;20.69;20.73
5750000;20.71;20.73
5760000;20.71;20.73
5770000;20.7;20.73
5780000;20.71;20.73
5790000;20.72;20.73
5800000;20.7;20.73
5810000;20.7;20.73
5820000;20.71;20.73
5830000;20.72;20.73
5840000;20.71;20.73
5850000;20.72;20.73
5860000;20.73;20.73
5870000;20.73;20.74
5880000;20.73;20.74
5890000;20.74;20.75
5900000;20.76;20.77
5910000;20.76;20.78
5920000;20.74;20.78
5930000;20.73;20.78
5940000;20.72;20.78
5950000;20.73;20.78
5960000;20.72;20.78
5970000;20.73;20.78
5980000;20.75;20.78
5990000;20.75;20.78
6000000;20.74;20.78
6010000;20.74;20.78
6020000;20.74;20.78
6030000;20.73;20.78
6040000;20.71;20.78
6050000;20.7;20.78
6060000;20.69;20.78
6070000;20.7;20.78
6080000;20.69;20.78
6090000;20.7;20.78
6100000;20.71;20.78
6110000;20.71;20.78
6120000;20.71;20.78
6130000;20.72;20.78
6140000;20.72;20.78
6150000;20.73;20.78
6160000;20.73;20.78
6170000;20.73;20.78
6180000;20.73;20.78
6190000;20.72;20.78
