timestep; mreward;breward
60000;0.0;-inf
70000;0.0;-inf
80000;0.0;-inf
90000;0.37037037037;-inf
100000;0.366666666667;-inf
110000;0.393939393939;-inf
120000;0.916666666667;-inf
130000;1.12820512821;-inf
140000;1.40476190476;-inf
150000;3.53333333333;-inf
160000;8.72916666667;-inf
170000;12.3333333333;-inf
180000;14.2777777778;-inf
190000;18.9298245614;-inf
200000;21.8166666667;-inf
210000;27.3333333333;-inf
220000;32.0757575758;-inf
230000;34.9852941176;-inf
240000;44.0;-inf
250000;47.3287671233;-inf
260000;54.6533333333;-inf
270000;58.7894736842;-inf
280000;66.5128205128;-inf
290000;70.3924050633;-inf
300000;77.4567901235;-inf
310000;82.1341463415;-inf
320000;86.7261904762;-inf
330000;93.8372093023;-inf
340000;97.9772727273;-inf
350000;102.777777778;-inf
360000;104.608695652;-inf
370000;112.414893617;-inf
380000;115.284210526;-inf
390000;121.18556701;-inf
400000;124.520408163;-inf
410000;130.45;-inf
420000;134.8;134.8
430000;143.71;143.71
440000;147.67;147.67
450000;155.97;155.97
460000;160.79;160.79
470000;169.74;169.74
480000;174.24;174.24
490000;182.98;182.98
500000;187.1;187.1
510000;191.97;191.97
520000;202.84;202.84
530000;207.44;207.44
540000;214.23;214.23
550000;223.81;223.81
560000;228.6;228.6
570000;233.1;233.1
580000;240.31;240.31
590000;251.67;251.67
600000;258.55;258.55
610000;265.92;265.92
620000;270.43;270.43
630000;275.08;275.08
640000;283.76;283.76
650000;291.46;291.46
660000;298.63;298.63
670000;303.38;303.38
680000;315.53;315.53
690000;315.53;315.53
700000;329.27;329.27
710000;334.24;334.24
720000;338.99;338.99
730000;348.65;348.65
740000;356.09;356.09
750000;360.44;360.44
760000;370.39;370.39
770000;379.69;379.69
780000;379.69;379.69
790000;388.06;388.06
800000;397.37;397.37
810000;405.21;405.21
820000;405.21;405.21
830000;413.91;413.91
840000;424.33;424.33
850000;424.33;424.33
860000;433.65;433.65
870000;440.71;440.71
880000;452.11;452.11
890000;456.29;456.29
900000;462.14;462.14
910000;465.58;465.58
920000;472.51;472.51
930000;477.89;477.89
940000;484.91;484.91
950000;495.17;495.17
960000;501.44;501.44
970000;508.51;508.51
980000;514.11;514.11
990000;517.3;517.3
1000000;526.3;526.3
1010000;531.92;531.92
1020000;532.83;532.83
1030000;538.8;538.8
1040000;544.21;544.21
1050000;552.64;552.64
1060000;555.58;555.58
1070000;560.06;560.06
1080000;561.71;561.71
1090000;565.76;565.76
1100000;568.74;568.74
1110000;575.04;575.04
1120000;581.78;581.78
1130000;586.29;586.29
1140000;590.07;590.07
1150000;592.76;592.76
1160000;596.69;596.69
1170000;596.69;596.69
1180000;604.96;604.96
1190000;608.28;608.28
1200000;614.6;614.6
1210000;622.88;622.88
1220000;623.64;623.64
1230000;629.26;629.26
1240000;629.26;629.26
1250000;638.01;638.01
1260000;643.97;643.97
1270000;652.82;652.82
1280000;658.38;658.38
1290000;658.38;658.38
1300000;664.01;664.01
1310000;668.04;668.04
1320000;674.08;674.08
1330000;677.63;677.63
1340000;681.0;681.0
1350000;684.53;684.53
1360000;690.74;690.74
1370000;694.33;694.33
1380000;694.33;694.33
1390000;699.62;699.62
1400000;703.57;703.57
1410000;707.22;707.22
1420000;707.84;707.84
1430000;713.26;713.26
1440000;715.59;715.59
1450000;721.46;721.46
1460000;721.46;721.46
1470000;727.82;727.82
1480000;733.61;733.61
1490000;739.66;739.66
1500000;739.66;739.66
1510000;748.23;748.23
1520000;751.29;751.29
1530000;749.33;751.29
1540000;752.85;752.85
1550000;758.56;758.56
1560000;759.52;759.52
1570000;763.72;763.72
1580000;763.72;763.72
1590000;770.08;770.08
1600000;772.91;772.91
1610000;775.13;775.13
1620000;774.73;775.13
1630000;775.31;775.31
1640000;780.85;780.85
1650000;780.85;780.85
1660000;786.49;786.49
1670000;788.93;788.93
1680000;794.79;794.79
1690000;797.96;797.96
1700000;796.73;797.96
1710000;796.36;797.96
1720000;793.95;797.96
1730000;799.9;799.9
1740000;799.9;799.9
1750000;803.21;803.21
1760000;809.35;809.35
1770000;810.74;810.74
1780000;814.15;814.15
1790000;814.15;814.15
1800000;819.75;819.75
1810000;822.73;822.73
1820000;823.69;823.69
1830000;826.36;826.36
1840000;829.77;829.77
1850000;829.77;829.77
1860000;825.01;830.1
1870000;823.67;830.1
1880000;823.67;830.1
1890000;822.98;830.1
1900000;822.04;830.1
1910000;822.79;830.1
1920000;824.98;830.1
1930000;824.98;830.1
1940000;830.54;830.54
1950000;824.65;830.54
1960000;821.83;830.54
1970000;826.88;830.54
1980000;826.88;830.54
1990000;833.03;833.03
2000000;835.97;835.97
2010000;842.05;842.05
2020000;839.11;842.05
2030000;840.99;842.05
2040000;842.72;842.72
2050000;842.72;842.72
2060000;845.42;845.42
2070000;851.14;851.14
2080000;853.52;853.52
2090000;853.52;853.52
2100000;857.67;857.67
2110000;858.2;858.2
2120000;864.12;864.12
2130000;864.12;864.12
2140000;864.23;864.23
2150000;867.9;867.9
2160000;873.82;873.82
2170000;873.57;873.82
2180000;873.57;873.82
2190000;879.59;879.59
2200000;879.58;879.59
2210000;879.58;879.59
2220000;884.95;884.95
2230000;886.81;886.81
2240000;891.44;891.44
2250000;891.66;891.66
2260000;891.66;891.66
2270000;897.39;897.39
2280000;895.42;897.39
2290000;895.29;897.39
2300000;895.29;897.39
2310000;897.72;897.72
2320000;900.27;900.27
2330000;903.48;903.48
2340000;902.5;903.48
2350000;902.5;903.48
2360000;902.9;903.48
2370000;902.91;903.48
2380000;902.5;903.48
2390000;900.08;903.48
2400000;905.29;905.29
2410000;902.78;905.29
2420000;902.78;905.29
2430000;902.49;905.29
2440000;904.64;905.29
2450000;904.47;905.29
2460000;904.47;905.29
2470000;904.11;905.29
2480000;904.46;905.29
2490000;907.5;907.5
2500000;907.5;907.5
2510000;907.69;907.69
2520000;910.15;910.15
2530000;912.63;912.63
2540000;912.63;912.63
2550000;914.94;914.94
2560000;915.24;915.24
2570000;914.67;915.24
2580000;914.67;915.24
2590000;918.51;918.51
2600000;918.28;918.51
2610000;921.1;921.1
2620000;926.67;926.67
2630000;926.67;926.67
2640000;935.11;935.11
2650000;935.72;935.72
2660000;935.72;935.72
2670000;939.79;939.79
2680000;942.87;942.87
2690000;936.96;942.87
2700000;937.31;942.87
2710000;937.31;942.87
2720000;943.7;943.7
2730000;943.7;943.7
2740000;941.5;943.7
2750000;940.99;943.7
2760000;943.53;943.7
2770000;946.32;946.32
2780000;945.23;946.32
2790000;945.23;946.32
2800000;950.71;950.71
2810000;952.49;952.49
2820000;952.49;952.49
2830000;951.33;952.49
2840000;953.73;953.73
2850000;953.73;953.73
2860000;960.52;960.52
2870000;964.54;964.54
2880000;965.07;965.07
2890000;964.8;965.07
2900000;964.8;965.07
2910000;962.35;965.07
2920000;963.15;965.07
2930000;963.15;965.07
2940000;966.58;966.58
2950000;968.57;968.57
2960000;971.92;971.92
2970000;971.92;971.92
2980000;974.53;974.53
2990000;979.77;979.77
