timestep; mreward;breward
60000;-20.4029850746;-inf
70000;-20.3246753247;-inf
80000;-20.3181818182;-inf
90000;-20.3232323232;-inf
100000;-20.33;-20.31
110000;-20.18;-20.18
120000;-19.9;-19.9
130000;-19.69;-19.69
140000;-19.43;-19.43
150000;-19.26;-19.26
160000;-19.05;-19.05
170000;-18.77;-18.77
180000;-18.48;-18.48
190000;-17.9;-17.9
200000;-17.6;-17.6
210000;-17.26;-17.26
220000;-16.86;-16.86
230000;-16.62;-16.62
240000;-15.8;-15.8
250000;-15.49;-15.49
260000;-14.88;-14.88
270000;-14.4;-14.4
280000;-14.02;-14.02
290000;-13.37;-13.37
300000;-12.44;-12.44
310000;-11.75;-11.75
320000;-11.0;-11.0
330000;-10.58;-10.58
340000;-10.02;-10.02
350000;-9.54;-9.54
360000;-8.55;-8.55
370000;-7.86;-7.86
380000;-7.24;-7.24
390000;-6.35;-6.35
400000;-4.91;-4.91
410000;-3.58;-3.58
420000;-3.17;-3.17
430000;-2.24;-2.24
440000;-1.14;-1.14
450000;-0.32;-0.32
460000;0.35;0.35
470000;0.93;0.93
480000;1.15;1.15
490000;1.87;1.87
500000;2.27;2.36
510000;3.19;3.19
520000;3.75;3.75
530000;4.54;4.57
540000;5.19;5.19
550000;5.58;5.58
560000;6.25;6.25
570000;6.86;6.86
580000;7.81;7.81
590000;8.78;8.78
600000;9.0;9.0
610000;9.19;9.32
620000;9.44;9.44
630000;9.82;9.82
640000;10.29;10.29
650000;10.67;10.67
660000;10.71;10.71
670000;11.03;11.06
680000;11.52;11.52
690000;11.51;11.53
700000;11.28;11.53
710000;11.21;11.53
720000;11.63;11.63
730000;11.77;11.77
740000;11.75;11.77
750000;12.09;12.09
760000;12.64;12.64
770000;13.23;13.23
780000;13.67;13.67
790000;13.91;13.91
800000;14.3;14.3
810000;14.79;14.79
820000;15.03;15.03
830000;15.5;15.51
840000;15.48;15.68
850000;15.39;15.68
860000;15.25;15.68
870000;15.33;15.68
880000;15.46;15.68
890000;15.86;15.86
900000;15.93;15.95
910000;16.07;16.09
920000;16.15;16.19
930000;16.54;16.54
940000;16.6;16.6
950000;16.55;16.6
960000;16.52;16.6
970000;16.77;16.77
980000;16.83;16.84
990000;16.81;16.97
1000000;16.85;16.97
1010000;16.95;16.97
1020000;16.77;16.99
1030000;16.81;16.99
1040000;16.77;16.99
1050000;16.7;16.99
1060000;16.71;16.99
1070000;16.72;16.99
1080000;16.74;16.99
1090000;16.83;16.99
1100000;16.75;16.99
1110000;16.72;16.99
1120000;17.06;17.08
1130000;17.17;17.17
1140000;17.25;17.27
1150000;17.12;17.27
1160000;16.94;17.27
1170000;16.92;17.27
1180000;16.98;17.27
1190000;17.03;17.27
1200000;17.08;17.27
1210000;16.76;17.27
1220000;16.9;17.27
1230000;16.61;17.27
1240000;16.66;17.27
1250000;16.76;17.27
1260000;16.76;17.27
1270000;16.67;17.27
1280000;16.67;17.27
1290000;16.88;17.27
1300000;16.79;17.27
1310000;16.77;17.27
1320000;16.87;17.27
1330000;16.89;17.27
1340000;16.89;17.27
1350000;16.94;17.27
1360000;16.89;17.27
1370000;16.89;17.27
1380000;16.99;17.27
1390000;16.95;17.27
1400000;17.02;17.27
1410000;17.09;17.27
1420000;17.15;17.27
1430000;17.01;17.27
1440000;17.1;17.27
1450000;17.0;17.27
1460000;17.22;17.35
1470000;17.04;17.35
1480000;17.28;17.35
1490000;17.13;17.35
1500000;16.97;17.35
1510000;16.78;17.35
1520000;16.5;17.35
1530000;16.66;17.35
1540000;16.61;17.35
1550000;16.62;17.35
1560000;16.54;17.35
1570000;16.43;17.35
1580000;16.31;17.35
1590000;16.23;17.35
1600000;16.06;17.35
1610000;15.85;17.35
1620000;15.7;17.35
1630000;15.7;17.35
1640000;15.64;17.35
1650000;15.57;17.35
1660000;15.49;17.35
1670000;15.48;17.35
1680000;15.59;17.35
1690000;15.62;17.35
1700000;15.57;17.35
1710000;15.66;17.35
1720000;15.63;17.35
1730000;15.85;17.35
1740000;15.99;17.35
1750000;16.16;17.35
1760000;16.28;17.35
1770000;16.51;17.35
1780000;16.68;17.35
1790000;16.82;17.35
1800000;16.9;17.35
1810000;16.76;17.35
1820000;16.84;17.35
1830000;16.83;17.35
1840000;16.88;17.35
1850000;17.1;17.35
1860000;17.01;17.35
1870000;16.76;17.35
1880000;15.54;17.35
1890000;15.08;17.35
1900000;15.07;17.35
1910000;15.19;17.35
1920000;15.08;17.35
1930000;15.14;17.35
1940000;15.13;17.35
1950000;15.11;17.35
1960000;15.13;17.35
1970000;14.86;17.35
1980000;14.65;17.35
1990000;14.59;17.35
2000000;14.67;17.35
2010000;14.8;17.35
2020000;14.82;17.35
2030000;14.83;17.35
2040000;14.73;17.35
2050000;14.64;17.35
2060000;14.92;17.35
2070000;14.93;17.35
2080000;14.9;17.35
2090000;14.7;17.35
2100000;14.66;17.35
2110000;14.85;17.35
2120000;14.98;17.35
2130000;16.07;17.35
2140000;16.74;17.35
2150000;16.79;17.35
2160000;16.66;17.35
2170000;16.57;17.35
2180000;16.69;17.35
2190000;16.73;17.35
2200000;16.85;17.35
2210000;16.53;17.35
2220000;16.79;17.35
2230000;16.98;17.35
2240000;16.44;17.35
2250000;16.49;17.35
2260000;16.43;17.35
2270000;16.51;17.35
2280000;16.47;17.35
2290000;16.5;17.35
2300000;16.56;17.35
2310000;16.51;17.35
2320000;16.51;17.35
2330000;16.34;17.35
2340000;16.59;17.35
2350000;16.6;17.35
2360000;16.76;17.35
2370000;16.85;17.35
2380000;17.06;17.35
2390000;17.05;17.35
2400000;17.22;17.35
2410000;17.36;17.36
2420000;17.3;17.36
2430000;17.23;17.36
2440000;17.24;17.36
2450000;17.61;17.61
2460000;17.68;17.68
2470000;17.71;17.71
2480000;17.97;18.0
2490000;17.97;18.0
2500000;17.99;18.0
2510000;18.04;18.04
2520000;18.0;18.04
2530000;18.08;18.09
2540000;18.08;18.11
2550000;18.05;18.11
2560000;18.3;18.3
