timestep; mreward;breward
60000;1.47;1.48
70000;1.39;1.49
80000;1.27;1.49
90000;1.21;1.49
100000;1.15;1.49
110000;1.2;1.49
120000;1.63;1.63
130000;1.81;1.82
140000;1.8;1.94
150000;2.36;2.37
160000;3.3;3.3
170000;4.45;4.45
180000;5.45;5.45
190000;6.6;6.6
200000;8.15;8.15
210000;9.44;9.44
220000;10.57;10.57
230000;11.69;11.69
240000;12.56;12.56
250000;12.75;12.82
260000;12.53;12.86
270000;12.68;12.86
280000;12.66;12.86
290000;13.16;13.36
300000;12.67;13.36
310000;12.75;13.36
320000;13.24;13.36
330000;13.89;13.89
340000;13.98;14.32
350000;15.01;15.01
360000;15.82;15.83
370000;16.98;16.98
380000;18.13;18.13
390000;18.93;18.93
400000;19.96;19.97
410000;21.21;21.21
420000;22.47;22.59
430000;23.74;23.74
440000;25.02;25.02
450000;25.89;26.02
460000;26.56;26.65
470000;27.74;27.74
480000;29.7;29.7
490000;31.03;31.03
500000;31.9;31.9
510000;32.87;32.9
520000;33.66;33.71
530000;34.44;34.67
540000;34.8;34.8
550000;36.04;36.16
560000;37.97;37.97
570000;37.77;38.03
580000;38.23;38.46
590000;38.52;38.7
600000;39.65;39.77
610000;41.64;41.64
620000;42.49;42.49
630000;44.15;44.15
640000;46.48;46.48
650000;47.83;47.83
660000;48.85;48.85
670000;49.36;49.36
680000;51.15;51.15
690000;52.75;52.75
700000;53.31;53.31
710000;56.11;56.11
720000;56.77;56.8
730000;57.59;57.59
740000;58.52;58.65
750000;60.89;61.12
760000;60.9;61.19
770000;62.6;62.71
780000;64.31;64.31
790000;64.59;64.64
800000;65.65;65.65
810000;66.19;66.19
820000;65.83;66.19
830000;66.54;66.86
840000;66.97;67.13
850000;67.49;67.73
860000;71.92;71.92
870000;72.62;72.94
880000;74.1;74.1
890000;74.87;74.97
900000;76.68;76.68
910000;77.51;77.51
920000;82.6;82.6
930000;83.89;84.41
940000;84.11;84.41
950000;87.47;87.47
960000;87.56;87.75
970000;89.72;90.3
980000;89.94;90.94
990000;88.59;91.61
1000000;87.34;91.61
1010000;88.59;91.61
1020000;89.41;91.61
1030000;91.68;91.68
1040000;87.76;91.68
1050000;85.03;91.68
1060000;85.14;91.68
1070000;87.1;91.68
1080000;89.28;91.68
1090000;88.19;91.68
1100000;94.05;94.05
1110000;94.74;95.92
1120000;94.46;96.06
1130000;96.41;96.44
1140000;95.45;98.17
1150000;98.19;98.19
1160000;97.57;98.19
1170000;98.01;98.38
1180000;97.16;98.38
1190000;95.93;98.38
1200000;96.45;98.38
1210000;94.14;98.38
1220000;93.83;98.38
1230000;86.7;98.38
1240000;82.69;98.38
1250000;80.85;98.38
1260000;83.35;98.38
1270000;80.64;98.38
1280000;80.57;98.38
1290000;83.1;98.38
1300000;83.97;98.38
1310000;84.98;98.38
1320000;87.46;98.38
1330000;89.71;98.38
1340000;93.79;98.38
1350000;92.25;98.38
1360000;98.51;98.51
1370000;98.73;99.0
1380000;100.65;101.98
1390000;95.93;101.98
1400000;94.38;101.98
1410000;96.82;101.98
1420000;92.36;101.98
1430000;95.47;101.98
1440000;93.19;101.98
1450000;92.12;101.98
1460000;85.67;101.98
1470000;90.26;101.98
1480000;92.72;101.98
1490000;94.45;101.98
1500000;94.33;101.98
1510000;93.8;101.98
1520000;95.31;101.98
1530000;90.31;101.98
1540000;90.55;101.98
1550000;86.57;101.98
1560000;85.56;101.98
1570000;85.53;101.98
1580000;89.42;101.98
1590000;80.5;101.98
1600000;72.99;101.98
1610000;66.59;101.98
1620000;64.64;101.98
1630000;60.85;101.98
1640000;62.73;101.98
1650000;64.57;101.98
1660000;66.91;101.98
1670000;67.35;101.98
1680000;66.46;101.98
1690000;61.09;101.98
1700000;64.33;101.98
1710000;64.39;101.98
1720000;68.26;101.98
1730000;69.48;101.98
1740000;71.05;101.98
1750000;70.81;101.98
1760000;68.67;101.98
1770000;67.97;101.98
1780000;66.33;101.98
1790000;67.96;101.98
1800000;70.92;101.98
1810000;70.36;101.98
1820000;69.89;101.98
1830000;68.21;101.98
1840000;67.19;101.98
1850000;66.61;101.98
1860000;72.55;101.98
1870000;69.83;101.98
1880000;67.98;101.98
1890000;68.51;101.98
1900000;67.8;101.98
1910000;69.7;101.98
1920000;71.37;101.98
1930000;74.28;101.98
1940000;78.87;101.98
1950000;80.19;101.98
1960000;80.82;101.98
1970000;81.86;101.98
1980000;78.75;101.98
1990000;77.06;101.98
2000000;80.08;101.98
2010000;81.41;101.98
2020000;80.51;101.98
2030000;79.53;101.98
2040000;71.71;101.98
2050000;67.07;101.98
2060000;66.36;101.98
2070000;69.27;101.98
2080000;73.21;101.98
2090000;76.49;101.98
2100000;82.29;101.98
2110000;79.72;101.98
2120000;78.08;101.98
2130000;77.58;101.98
2140000;78.66;101.98
2150000;83.25;101.98
2160000;84.81;101.98
2170000;85.97;101.98
2180000;89.37;101.98
2190000;85.04;101.98
2200000;82.66;101.98
2210000;78.75;101.98
2220000;82.14;101.98
2230000;86.79;101.98
2240000;89.21;101.98
2250000;86.0;101.98
2260000;83.12;101.98
2270000;86.27;101.98
2280000;90.51;101.98
2290000;84.57;101.98
2300000;88.16;101.98
2310000;92.06;101.98
2320000;94.48;101.98
2330000;97.3;101.98
2340000;95.18;101.98
2350000;92.66;101.98
2360000;98.34;101.98
2370000;101.05;102.97
2380000;105.52;105.52
2390000;105.43;106.69
2400000;108.38;108.38
2410000;114.07;114.07
2420000;116.19;116.29
2430000;114.64;116.89
2440000;113.59;116.89
2450000;116.35;119.51
2460000;121.23;121.24
2470000;125.28;125.61
2480000;130.15;130.15
2490000;131.66;132.33
2500000;133.37;133.37
2510000;137.47;137.47
2520000;141.05;141.05
2530000;141.05;144.71
2540000;138.87;144.71
2550000;148.56;148.56
2560000;147.5;150.75
2570000;146.65;151.02
2580000;146.61;151.02
2590000;149.81;151.02
2600000;150.86;151.02
2610000;147.74;151.02
2620000;150.08;151.76
2630000;155.96;156.17
2640000;151.1;156.17
2650000;147.0;156.17
2660000;146.45;156.17
2670000;148.17;156.17
2680000;140.25;156.17
2690000;139.04;156.17
2700000;135.59;156.17
2710000;139.1;156.17
2720000;136.19;156.17
2730000;131.77;156.17
2740000;128.2;156.17
2750000;123.25;156.17
2760000;114.31;156.17
2770000;118.6;156.17
2780000;115.12;156.17
2790000;112.53;156.17
2800000;114.15;156.17
2810000;113.87;156.17
2820000;118.87;156.17
2830000;113.99;156.17
2840000;117.38;156.17
2850000;116.64;156.17
2860000;117.75;156.17
2870000;121.58;156.17
2880000;124.49;156.17
2890000;130.38;156.17
2900000;132.32;156.17
2910000;128.76;156.17
2920000;129.42;156.17
2930000;129.57;156.17
2940000;131.04;156.17
2950000;129.44;156.17
2960000;132.86;156.17
2970000;125.58;156.17
2980000;129.67;156.17
2990000;129.41;156.17
3000000;123.45;156.17
3010000;115.56;156.17
3020000;121.64;156.17
3030000;119.17;156.17
3040000;117.9;156.17
3050000;121.95;156.17
3060000;119.66;156.17
3070000;123.01;156.17
3080000;125.88;156.17
3090000;124.86;156.17
3100000;126.16;156.17
3110000;129.23;156.17
3120000;130.06;156.17
3130000;131.91;156.17
3140000;125.92;156.17
3150000;130.58;156.17
3160000;128.02;156.17
3170000;123.92;156.17
3180000;122.47;156.17
3190000;120.83;156.17
3200000;122.78;156.17
3210000;125.13;156.17
3220000;125.15;156.17
3230000;126.71;156.17
3240000;129.9;156.17
3250000;135.14;156.17
3260000;147.25;156.17
3270000;152.36;156.17
3280000;157.94;157.94
3290000;167.4;167.4
3300000;171.55;171.55
3310000;178.04;178.04
3320000;177.16;180.8
3330000;177.19;181.77
3340000;177.8;181.77
3350000;172.33;181.77
3360000;176.06;181.77
3370000;173.51;181.77
3380000;173.42;181.77
3390000;163.23;181.77
3400000;160.18;181.77
3410000;154.69;181.77
3420000;154.92;181.77
3430000;154.91;181.77
3440000;152.38;181.77
3450000;149.47;181.77
3460000;148.36;181.77
3470000;154.79;181.77
3480000;155.25;181.77
3490000;154.17;181.77
3500000;156.97;181.77
3510000;154.86;181.77
3520000;155.93;181.77
3530000;162.84;181.77
3540000;161.63;181.77
3550000;165.98;181.77
3560000;170.38;181.77
3570000;173.54;181.77
3580000;176.7;181.77
3590000;178.18;181.77
3600000;183.45;183.45
3610000;187.94;188.11
3620000;184.63;189.54
3630000;183.63;189.54
3640000;184.7;189.54
3650000;187.39;189.54
3660000;184.36;189.54
3670000;186.24;189.54
3680000;185.92;189.54
3690000;185.75;189.54
3700000;176.08;189.54
3710000;169.28;189.54
3720000;178.43;189.54
3730000;174.29;189.54
3740000;174.79;189.54
3750000;179.91;189.54
3760000;180.22;189.54
3770000;176.76;189.54
3780000;183.0;189.54
3790000;182.33;189.54
3800000;185.62;189.54
3810000;187.31;189.54
3820000;183.38;189.54
3830000;190.52;192.05
3840000;198.37;198.37
3850000;202.27;202.27
3860000;199.58;202.43
3870000;202.19;203.33
3880000;206.28;206.28
3890000;196.63;206.28
3900000;198.66;206.28
3910000;195.32;206.28
3920000;195.05;206.28
3930000;194.27;206.28
3940000;191.89;206.28
3950000;188.39;206.28
3960000;183.45;206.28
3970000;180.19;206.28
3980000;167.71;206.28
3990000;163.0;206.28
4000000;163.41;206.28
4010000;158.43;206.28
4020000;164.45;206.28
4030000;172.26;206.28
4040000;172.39;206.28
4050000;167.3;206.28
4060000;163.07;206.28
4070000;160.12;206.28
4080000;161.38;206.28
4090000;165.36;206.28
4100000;174.1;206.28
4110000;176.6;206.28
4120000;182.52;206.28
4130000;188.77;206.28
4140000;184.04;206.28
4150000;185.73;206.28
4160000;191.14;206.28
4170000;184.2;206.28
4180000;187.38;206.28
4190000;194.65;206.28
4200000;197.41;206.28
4210000;193.56;206.28
4220000;188.23;206.28
4230000;186.95;206.28
4240000;180.49;206.28
4250000;177.45;206.28
4260000;170.96;206.28
4270000;178.62;206.28
4280000;182.7;206.28
4290000;174.27;206.28
4300000;176.78;206.28
4310000;179.88;206.28
4320000;174.59;206.28
4330000;175.6;206.28
4340000;183.7;206.28
4350000;186.18;206.28
4360000;186.72;206.28
4370000;186.81;206.28
4380000;189.55;206.28
4390000;192.66;206.28
4400000;192.02;206.28
4410000;191.31;206.28
4420000;193.41;206.28
4430000;196.59;206.28
4440000;195.0;206.28
4450000;195.89;206.28
4460000;198.49;206.28
4470000;199.71;206.28
4480000;204.17;206.28
4490000;207.26;208.28
4500000;204.48;208.28
4510000;202.1;208.28
4520000;203.84;208.28
4530000;207.1;208.28
4540000;201.16;208.28
4550000;204.75;208.28
4560000;203.68;209.0
4570000;203.96;209.0
4580000;205.04;209.0
4590000;198.65;209.0
4600000;196.42;209.0
4610000;194.13;209.0
4620000;186.48;209.0
4630000;192.78;209.0
4640000;195.77;209.0
4650000;198.6;209.0
4660000;195.81;209.0
4670000;199.07;209.0
4680000;193.81;209.0
4690000;191.09;209.0
4700000;194.33;209.0
4710000;188.45;209.0
4720000;190.98;209.0
4730000;186.95;209.0
4740000;179.16;209.0
4750000;176.17;209.0
4760000;174.01;209.0
4770000;161.21;209.0
4780000;164.41;209.0
4790000;170.08;209.0
4800000;172.27;209.0
4810000;176.39;209.0
4820000;167.43;209.0
4830000;165.96;209.0
4840000;173.73;209.0
4850000;176.61;209.0
4860000;180.73;209.0
4870000;187.66;209.0
4880000;191.75;209.0
4890000;191.36;209.0
4900000;193.0;209.0
4910000;196.56;209.0
4920000;193.51;209.0
4930000;188.31;209.0
4940000;190.57;209.0
4950000;186.27;209.0
4960000;197.08;209.0
4970000;192.64;209.0
4980000;189.37;209.0
4990000;186.98;209.0
5000000;193.24;209.0
5010000;198.91;209.0
5020000;203.93;209.0
5030000;210.39;210.39
5040000;209.74;215.62
5050000;215.39;217.04
5060000;216.65;218.15
5070000;221.1;221.1
5080000;231.42;233.9
5090000;224.33;233.9
5100000;232.78;233.9
5110000;237.47;240.34
5120000;237.56;240.34
5130000;234.2;240.34
5140000;232.66;240.34
5150000;228.22;240.34
5160000;227.63;240.34
5170000;237.17;240.34
5180000;230.59;240.34
5190000;231.01;240.34
5200000;231.15;240.34
5210000;226.48;240.34
5220000;233.11;240.34
5230000;232.6;240.34
5240000;228.28;240.34
5250000;227.64;240.34
5260000;230.3;240.34
5270000;229.87;240.34
5280000;234.07;240.34
5290000;227.71;240.34
5300000;223.62;240.34
5310000;221.26;240.34
5320000;217.99;240.34
5330000;224.92;240.34
5340000;228.53;240.34
5350000;229.79;240.34
5360000;227.13;240.34
5370000;221.71;240.34
5380000;220.6;240.34
5390000;214.43;240.34
5400000;213.86;240.34
5410000;205.3;240.34
5420000;207.04;240.34
5430000;210.62;240.34
5440000;217.27;240.34
5450000;213.91;240.34
5460000;212.09;240.34
5470000;202.78;240.34
5480000;200.86;240.34
5490000;205.84;240.34
5500000;214.78;240.34
5510000;210.88;240.34
5520000;210.53;240.34
5530000;207.53;240.34
5540000;211.45;240.34
5550000;207.83;240.34
5560000;209.03;240.34
5570000;197.08;240.34
5580000;202.81;240.34
5590000;208.04;240.34
5600000;210.05;240.34
5610000;210.46;240.34
5620000;206.66;240.34
5630000;202.3;240.34
5640000;206.3;240.34
5650000;214.12;240.34
5660000;221.68;240.34
5670000;223.92;240.34
5680000;231.87;240.34
5690000;233.06;240.34
5700000;233.99;240.34
5710000;244.16;245.5
5720000;241.87;245.68
5730000;237.77;245.68
5740000;236.1;245.68
5750000;244.76;245.68
5760000;247.15;248.22
5770000;243.13;249.93
5780000;242.85;249.93
5790000;231.89;249.93
5800000;225.76;249.93
5810000;223.66;249.93
5820000;214.91;249.93
5830000;211.65;249.93
5840000;215.6;249.93
5850000;206.29;249.93
5860000;201.74;249.93
5870000;199.15;249.93
5880000;193.59;249.93
5890000;190.99;249.93
5900000;193.15;249.93
5910000;203.75;249.93
5920000;208.68;249.93
5930000;216.16;249.93
5940000;216.59;249.93
5950000;220.17;249.93
5960000;202.27;249.93
5970000;210.11;249.93
5980000;211.9;249.93
5990000;204.6;249.93
6000000;201.98;249.93
6010000;201.34;249.93
6020000;201.29;249.93
6030000;202.39;249.93
6040000;198.14;249.93
6050000;200.29;249.93
6060000;199.71;249.93
6070000;201.47;249.93
6080000;215.19;249.93
6090000;206.7;249.93
6100000;204.7;249.93
6110000;207.78;249.93
6120000;214.15;249.93
6130000;217.33;249.93
6140000;218.48;249.93
6150000;218.48;249.93
6160000;216.98;249.93
6170000;219.17;249.93
6180000;216.98;249.93
6190000;213.48;249.93
6200000;217.06;249.93
6210000;208.23;249.93
6220000;213.66;249.93
6230000;218.82;249.93
6240000;225.25;249.93
6250000;231.19;249.93
