timestep; mreward;breward
60000;-20.3787878788;-inf
70000;-20.4230769231;-inf
80000;-20.4333333333;-inf
90000;-20.43;-20.43
100000;-20.53;-20.43
110000;-20.55;-20.43
120000;-20.52;-20.43
130000;-20.54;-20.43
140000;-20.56;-20.43
150000;-20.53;-20.43
160000;-20.47;-20.43
170000;-20.4;-20.4
180000;-20.34;-20.34
190000;-20.3;-20.28
200000;-20.25;-20.25
210000;-20.21;-20.21
220000;-20.2;-20.2
230000;-20.14;-20.14
240000;-20.04;-20.04
250000;-19.99;-19.96
260000;-20.02;-19.96
270000;-19.99;-19.96
280000;-19.91;-19.91
290000;-19.84;-19.84
300000;-19.66;-19.66
310000;-19.59;-19.59
320000;-19.45;-19.45
330000;-19.29;-19.29
340000;-19.18;-19.18
350000;-19.05;-19.05
360000;-18.93;-18.93
370000;-18.74;-18.74
380000;-18.46;-18.46
390000;-18.27;-18.27
400000;-18.13;-18.13
410000;-18.0;-18.0
420000;-17.77;-17.77
430000;-17.55;-17.55
440000;-17.28;-17.28
450000;-17.13;-17.13
460000;-16.97;-16.97
470000;-16.77;-16.77
480000;-16.46;-16.46
490000;-16.16;-16.16
500000;-15.85;-15.85
510000;-15.42;-15.42
520000;-15.12;-15.12
530000;-14.98;-14.98
540000;-14.86;-14.86
550000;-14.52;-14.52
560000;-14.25;-14.25
570000;-14.06;-14.06
580000;-13.65;-13.65
590000;-13.5;-13.5
600000;-12.97;-12.97
610000;-12.77;-12.77
620000;-12.26;-12.26
630000;-11.88;-11.88
640000;-11.64;-11.64
650000;-11.53;-11.53
660000;-11.42;-11.36
670000;-11.24;-11.24
680000;-11.15;-11.15
690000;-10.74;-10.74
700000;-10.4;-10.4
710000;-10.27;-10.27
720000;-10.03;-10.03
730000;-9.99;-9.99
740000;-9.89;-9.89
750000;-9.57;-9.57
760000;-9.49;-9.49
770000;-9.22;-9.22
780000;-8.99;-8.99
790000;-8.74;-8.74
800000;-8.64;-8.64
810000;-8.48;-8.48
820000;-8.21;-8.21
830000;-7.89;-7.89
840000;-7.76;-7.76
850000;-7.83;-7.75
860000;-7.71;-7.71
870000;-7.28;-7.28
880000;-6.97;-6.97
890000;-6.62;-6.62
900000;-6.25;-6.25
910000;-5.95;-5.95
920000;-5.76;-5.76
930000;-5.45;-5.45
940000;-5.25;-5.25
950000;-4.89;-4.89
960000;-4.62;-4.62
970000;-4.2;-4.2
980000;-3.83;-3.83
990000;-3.61;-3.61
1000000;-3.38;-3.38
1010000;-3.28;-3.28
1020000;-3.28;-3.24
1030000;-2.98;-2.98
1040000;-2.54;-2.54
1050000;-2.1;-2.1
1060000;-1.72;-1.72
1070000;-1.4;-1.4
1080000;-0.96;-0.96
1090000;-0.51;-0.51
1100000;-0.51;-0.51
1110000;-0.44;-0.38
1120000;-0.18;-0.18
1130000;0.05;0.05
1140000;0.41;0.41
1150000;0.73;0.73
1160000;1.23;1.23
1170000;1.58;1.58
1180000;1.89;1.89
1190000;2.04;2.04
1200000;2.31;2.31
1210000;2.71;2.71
1220000;2.94;2.94
1230000;3.39;3.39
1240000;3.61;3.61
1250000;4.24;4.24
1260000;4.71;4.71
1270000;5.08;5.08
1280000;5.47;5.47
1290000;5.85;5.85
1300000;5.89;6.0
1310000;6.07;6.07
1320000;6.31;6.31
1330000;6.42;6.42
1340000;6.74;6.74
1350000;7.19;7.19
1360000;7.52;7.52
1370000;7.71;7.72
1380000;7.4;7.72
1390000;7.53;7.72
1400000;7.69;7.72
1410000;7.98;7.98
1420000;8.19;8.19
1430000;8.51;8.51
1440000;8.65;8.65
1450000;8.9;8.92
1460000;9.39;9.39
1470000;9.83;9.83
1480000;10.14;10.14
1490000;10.38;10.38
1500000;10.71;10.71
1510000;11.03;11.03
1520000;11.48;11.48
1530000;11.83;11.83
1540000;12.21;12.21
1550000;12.31;12.31
1560000;12.58;12.58
1570000;12.84;12.84
1580000;13.26;13.26
1590000;13.65;13.65
1600000;14.27;14.27
1610000;14.6;14.6
1620000;15.42;15.42
1630000;15.95;15.95
1640000;16.4;16.4
1650000;16.91;16.91
1660000;17.29;17.29
1670000;17.62;17.62
1680000;17.84;17.84
1690000;18.17;18.17
1700000;18.6;18.6
1710000;18.73;18.73
1720000;18.94;18.94
1730000;19.13;19.13
1740000;19.39;19.39
1750000;19.49;19.49
1760000;19.69;19.69
1770000;19.65;19.69
1780000;19.69;19.69
1790000;19.73;19.73
1800000;19.71;19.73
1810000;19.66;19.73
1820000;19.62;19.73
1830000;19.53;19.73
1840000;19.57;19.73
1850000;19.61;19.73
1860000;19.62;19.73
1870000;19.61;19.73
1880000;19.66;19.73
1890000;19.69;19.73
1900000;19.75;19.75
1910000;19.77;19.77
1920000;19.76;19.78
1930000;19.72;19.78
1940000;19.76;19.78
1950000;19.8;19.82
1960000;19.75;19.82
1970000;19.8;19.82
1980000;19.81;19.82
1990000;19.79;19.83
2000000;19.78;19.83
2010000;19.82;19.83
2020000;19.78;19.83
2030000;19.76;19.83
2040000;19.79;19.83
2050000;19.8;19.83
2060000;19.79;19.83
2070000;19.78;19.83
2080000;19.76;19.83
2090000;19.79;19.83
2100000;19.84;19.84
2110000;19.85;19.89
2120000;19.86;19.89
2130000;19.86;19.89
2140000;19.86;19.89
2150000;19.86;19.89
2160000;19.87;19.89
2170000;19.91;19.91
2180000;19.86;19.91
2190000;19.89;19.91
2200000;19.89;19.93
2210000;19.89;19.93
2220000;19.88;19.93
2230000;19.92;19.93
2240000;19.92;19.94
2250000;19.87;19.94
2260000;19.86;19.94
2270000;19.82;19.94
2280000;19.83;19.94
2290000;19.8;19.94
2300000;19.86;19.94
2310000;19.88;19.94
2320000;19.88;19.94
2330000;19.88;19.94
2340000;19.88;19.94
2350000;19.88;19.94
2360000;19.96;19.96
2370000;19.95;19.97
2380000;19.94;19.97
2390000;19.99;20.0
2400000;20.01;20.01
2410000;20.0;20.01
2420000;20.02;20.02
2430000;20.04;20.04
2440000;20.07;20.07
2450000;20.11;20.11
2460000;20.06;20.11
2470000;20.09;20.11
2480000;20.04;20.11
2490000;20.07;20.11
2500000;20.02;20.11
2510000;20.06;20.11
2520000;20.03;20.11
2530000;20.04;20.11
2540000;20.07;20.11
2550000;20.1;20.11
2560000;20.15;20.15
2570000;20.11;20.15
2580000;20.09;20.15
2590000;20.02;20.15
2600000;20.06;20.15
2610000;20.03;20.15
2620000;20.01;20.15
2630000;19.98;20.15
2640000;20.03;20.15
2650000;19.98;20.15
2660000;19.97;20.15
2670000;19.97;20.15
2680000;20.01;20.15
2690000;19.96;20.15
2700000;19.95;20.15
2710000;19.93;20.15
2720000;19.92;20.15
2730000;19.94;20.15
2740000;19.93;20.15
2750000;19.97;20.15
2760000;19.97;20.15
2770000;20.03;20.15
2780000;20.03;20.15
2790000;20.0;20.15
2800000;20.05;20.15
2810000;20.05;20.15
2820000;20.01;20.15
2830000;20.01;20.15
2840000;19.99;20.15
2850000;19.97;20.15
2860000;20.0;20.15
2870000;20.01;20.15
2880000;20.11;20.15
2890000;20.14;20.15
2900000;20.13;20.15
2910000;20.12;20.15
2920000;20.1;20.15
2930000;20.06;20.15
2940000;20.03;20.15
2950000;20.04;20.15
2960000;20.09;20.15
2970000;20.14;20.15
2980000;20.15;20.15
2990000;20.21;20.21
3000000;20.18;20.22
3010000;20.24;20.24
3020000;20.34;20.34
3030000;20.31;20.34
3040000;20.26;20.34
3050000;20.26;20.34
3060000;20.25;20.34
3070000;20.24;20.34
3080000;20.24;20.34
3090000;20.22;20.34
3100000;20.2;20.34
3110000;20.27;20.34
3120000;20.27;20.34
3130000;20.28;20.34
3140000;20.26;20.34
3150000;20.23;20.34
3160000;20.24;20.34
3170000;20.21;20.34
3180000;20.27;20.34
3190000;20.24;20.34
3200000;20.25;20.34
3210000;20.31;20.34
3220000;20.34;20.34
3230000;20.36;20.37
3240000;20.34;20.37
3250000;20.34;20.37
3260000;20.31;20.37
3270000;20.35;20.37
3280000;20.4;20.4
3290000;20.38;20.4
3300000;20.42;20.42
3310000;20.42;20.43
3320000;20.42;20.43
3330000;20.45;20.46
3340000;20.45;20.46
3350000;20.44;20.46
3360000;20.45;20.46
3370000;20.48;20.48
3380000;20.47;20.48
3390000;20.45;20.48
3400000;20.46;20.48
3410000;20.47;20.48
3420000;20.5;20.5
3430000;20.52;20.52
3440000;20.48;20.52
3450000;20.42;20.52
3460000;20.41;20.52
3470000;20.39;20.52
3480000;20.37;20.52
3490000;20.39;20.52
3500000;20.38;20.52
3510000;20.37;20.52
3520000;20.35;20.52
3530000;20.37;20.52
3540000;20.32;20.52
3550000;20.32;20.52
3560000;20.34;20.52
3570000;20.29;20.52
3580000;20.27;20.52
3590000;20.24;20.52
3600000;20.24;20.52
3610000;20.27;20.52
3620000;20.32;20.52
3630000;20.38;20.52
3640000;20.37;20.52
3650000;20.41;20.52
3660000;20.4;20.52
3670000;20.4;20.52
3680000;20.42;20.52
3690000;20.42;20.52
3700000;20.44;20.52
3710000;20.42;20.52
3720000;20.48;20.52
3730000;20.47;20.52
3740000;20.43;20.52
3750000;20.46;20.52
3760000;20.49;20.52
3770000;20.55;20.55
3780000;20.54;20.55
3790000;20.53;20.55
3800000;20.51;20.55
3810000;20.47;20.55
3820000;20.51;20.55
3830000;20.49;20.55
3840000;20.5;20.55
3850000;20.5;20.55
3860000;20.5;20.55
3870000;20.52;20.55
3880000;20.54;20.55
3890000;20.55;20.55
3900000;20.54;20.55
3910000;20.55;20.57
3920000;20.59;20.59
3930000;20.64;20.64
3940000;20.65;20.65
3950000;20.63;20.65
3960000;20.62;20.65
3970000;20.63;20.65
3980000;20.64;20.65
3990000;20.65;20.65
4000000;20.66;20.66
4010000;20.7;20.7
